pybullet build time: Jan 11 2021 15:12:08
INFO: Succesfully initialized GLFW context and window!
Loading image: c:\users\shen\desktop\igvr\current_vr_branch\igibson\gibson2\data/ig_dataset\scenes\Rs_int\layout\floor_lighttype_0.png
Compiling GLSL shader: c:\users\shen\desktop\igvr\current_vr_branch\igibson\gibson2\render\mesh_renderer\shaders\450\equirect2cube_cs.glsl
Compiling GLSL shader: c:\users\shen\desktop\igvr\current_vr_branch\igibson\gibson2\render\mesh_renderer\shaders\450\spmap_cs.glsl
Compiling GLSL shader: c:\users\shen\desktop\igvr\current_vr_branch\igibson\gibson2\render\mesh_renderer\shaders\450\irmap_cs.glsl
Compiling GLSL shader: c:\users\shen\desktop\igvr\current_vr_branch\igibson\gibson2\render\mesh_renderer\shaders\450\spbrdf_cs.glsl
Loading image: c:\users\shen\desktop\igvr\current_vr_branch\igibson\gibson2\data/ig_dataset\scenes\background\probe_02.hdr
Loading image: c:\users\shen\desktop\igvr\current_vr_branch\igibson\gibson2\data/ig_dataset\scenes\background\probe_03.hdr
Loading image: c:\users\shen\desktop\igvr\current_vr_branch\igibson\gibson2\data/ig_dataset\scenes\background\urban_street_01.jpg
INFO: compiled pbr shaders
number of textures 43
Filename is: c:\users\shen\desktop\igvr\current_vr_branch\igibson\gibson2\data/ig_dataset/scenes\Rs_int/shape/visual\../../material/wall/COMBINED.png
Size is w: 2048 by h: 2048
Filename is: c:\users\shen\desktop\igvr\current_vr_branch\igibson\gibson2\data/ig_dataset/scenes\Rs_int/shape/visual\../../material/wall/NORMAL.png
Size is w: 2048 by h: 2048
Filename is: c:\users\shen\desktop\igvr\current_vr_branch\igibson\gibson2\data/ig_dataset/scenes\Rs_int/shape/visual\../../material/floor_2/COMBINED.png
Size is w: 2048 by h: 2048
Filename is: c:\users\shen\desktop\igvr\current_vr_branch\igibson\gibson2\data/ig_dataset/scenes\Rs_int/shape/visual\../../material/floor_2/NORMAL.png
Size is w: 2048 by h: 2048
Filename is: c:\users\shen\desktop\igvr\current_vr_branch\igibson\gibson2\data/ig_dataset/scenes\Rs_int/shape/visual\../../material/floor_1/COMBINED.png
Size is w: 2048 by h: 2048
Filename is: c:\users\shen\desktop\igvr\current_vr_branch\igibson\gibson2\data/ig_dataset/scenes\Rs_int/shape/visual\../../material/floor_1/NORMAL.png
Size is w: 2048 by h: 2048
Filename is: c:\users\shen\desktop\igvr\current_vr_branch\igibson\gibson2\data/ig_dataset/scenes\Rs_int/shape/visual\../../material/floor_0/COMBINED.png
Size is w: 2048 by h: 2048
Filename is: c:\users\shen\desktop\igvr\current_vr_branch\igibson\gibson2\data/ig_dataset/scenes\Rs_int/shape/visual\../../material/floor_0/NORMAL.png
Size is w: 2048 by h: 2048
Filename is: c:\users\shen\desktop\igvr\current_vr_branch\igibson\gibson2\data/ig_dataset/scenes\Rs_int/shape/visual\../../material/ceiling/COMBINED.png
Size is w: 2048 by h: 2048
Filename is: c:\users\shen\desktop\igvr\current_vr_branch\igibson\gibson2\data/ig_dataset/scenes\Rs_int/shape/visual\../../material/ceiling/NORMAL.png
Size is w: 2048 by h: 2048
Filename is: c:\users\shen\desktop\igvr\current_vr_branch\igibson\gibson2\data/ig_dataset/objects\bottom_cabinet\46380/shape/visual\../../material/DIFFUSE.png
Size is w: 2048 by h: 2048
Filename is: c:\users\shen\desktop\igvr\current_vr_branch\igibson\gibson2\data/ig_dataset/objects\bottom_cabinet\46380/shape/visual\../../material/METALLIC.png
Size is w: 1024 by h: 1024
Filename is: c:\users\shen\desktop\igvr\current_vr_branch\igibson\gibson2\data/ig_dataset/objects\bottom_cabinet\46380/shape/visual\../../material/ROUGHNESS.png
Size is w: 1024 by h: 1024
Filename is: c:\users\shen\desktop\igvr\current_vr_branch\igibson\gibson2\data/ig_dataset/objects\bottom_cabinet\46380/shape/visual\../../material/NORMAL.png
Size is w: 1024 by h: 1024
Filename is: c:\users\shen\desktop\igvr\current_vr_branch\igibson\gibson2\data/ig_dataset/objects\plant\2ccd2b095bd8ec27e2ec5524ed185c34/shape/visual\../../material/DIFFUSE.png
Size is w: 2048 by h: 2048
Filename is: c:\users\shen\desktop\igvr\current_vr_branch\igibson\gibson2\data/ig_dataset/objects\plant\2ccd2b095bd8ec27e2ec5524ed185c34/shape/visual\../../material/METALLIC.png
Size is w: 1024 by h: 1024
Filename is: c:\users\shen\desktop\igvr\current_vr_branch\igibson\gibson2\data/ig_dataset/objects\plant\2ccd2b095bd8ec27e2ec5524ed185c34/shape/visual\../../material/ROUGHNESS.png
Size is w: 1024 by h: 1024
Filename is: c:\users\shen\desktop\igvr\current_vr_branch\igibson\gibson2\data/ig_dataset/objects\plant\2ccd2b095bd8ec27e2ec5524ed185c34/shape/visual\../../material/NORMAL.png
Size is w: 1024 by h: 1024
Filename is: c:\users\shen\desktop\igvr\current_vr_branch\igibson\gibson2\data/ig_dataset/objects\sofa\427c7655012b6cc5593ebeeedbff73b/shape/visual\../../material/DIFFUSE.png
Size is w: 2048 by h: 2048
Filename is: c:\users\shen\desktop\igvr\current_vr_branch\igibson\gibson2\data/ig_dataset/objects\sofa\427c7655012b6cc5593ebeeedbff73b/shape/visual\../../material/METALLIC.png
Size is w: 1024 by h: 1024
Filename is: c:\users\shen\desktop\igvr\current_vr_branch\igibson\gibson2\data/ig_dataset/objects\sofa\427c7655012b6cc5593ebeeedbff73b/shape/visual\../../material/ROUGHNESS.png
Size is w: 1024 by h: 1024
Filename is: c:\users\shen\desktop\igvr\current_vr_branch\igibson\gibson2\data/ig_dataset/objects\sofa\427c7655012b6cc5593ebeeedbff73b/shape/visual\../../material/NORMAL.png
Size is w: 1024 by h: 1024
Filename is: c:\users\shen\desktop\igvr\current_vr_branch\igibson\gibson2\data/ig_dataset/objects\floor_lamp\c7aadb7ac29ac778aaae3d020f5ddf8/shape/visual\../../material/DIFFUSE.png
Size is w: 2048 by h: 2048
Filename is: c:\users\shen\desktop\igvr\current_vr_branch\igibson\gibson2\data/ig_dataset/objects\floor_lamp\c7aadb7ac29ac778aaae3d020f5ddf8/shape/visual\../../material/METALLIC.png
Size is w: 1024 by h: 1024
Filename is: c:\users\shen\desktop\igvr\current_vr_branch\igibson\gibson2\data/ig_dataset/objects\floor_lamp\c7aadb7ac29ac778aaae3d020f5ddf8/shape/visual\../../material/ROUGHNESS.png
Size is w: 1024 by h: 1024
Filename is: c:\users\shen\desktop\igvr\current_vr_branch\igibson\gibson2\data/ig_dataset/objects\floor_lamp\c7aadb7ac29ac778aaae3d020f5ddf8/shape/visual\../../material/NORMAL.png
Size is w: 1024 by h: 1024
Filename is: c:\users\shen\desktop\igvr\current_vr_branch\igibson\gibson2\data/ig_dataset/objects\stool\ottoman/shape/visual\../../material/DIFFUSE.png
Size is w: 2048 by h: 2048
Filename is: c:\users\shen\desktop\igvr\current_vr_branch\igibson\gibson2\data/ig_dataset/objects\stool\ottoman/shape/visual\../../material/METALLIC.png
Size is w: 1024 by h: 1024
Filename is: c:\users\shen\desktop\igvr\current_vr_branch\igibson\gibson2\data/ig_dataset/objects\stool\ottoman/shape/visual\../../material/ROUGHNESS.png
Size is w: 1024 by h: 1024
Filename is: c:\users\shen\desktop\igvr\current_vr_branch\igibson\gibson2\data/ig_dataset/objects\stool\ottoman/shape/visual\../../material/NORMAL.png
Size is w: 1024 by h: 1024
Filename is: c:\users\shen\desktop\igvr\current_vr_branch\igibson\gibson2\data/ig_dataset/objects\coffee_table\19740/shape/visual\../../material/DIFFUSE.png
Size is w: 2048 by h: 2048
Filename is: c:\users\shen\desktop\igvr\current_vr_branch\igibson\gibson2\data/ig_dataset/objects\coffee_table\19740/shape/visual\../../material/METALLIC.png
Size is w: 1024 by h: 1024
Filename is: c:\users\shen\desktop\igvr\current_vr_branch\igibson\gibson2\data/ig_dataset/objects\coffee_table\19740/shape/visual\../../material/ROUGHNESS.png
Size is w: 1024 by h: 1024
Filename is: c:\users\shen\desktop\igvr\current_vr_branch\igibson\gibson2\data/ig_dataset/objects\coffee_table\19740/shape/visual\../../material/NORMAL.png
Size is w: 1024 by h: 1024
Filename is: c:\users\shen\desktop\igvr\current_vr_branch\igibson\gibson2\data/ig_dataset/objects\plant\3ac8ac4f319e5c0c785f06f424b9d06/shape/visual\../../material/DIFFUSE.png
Size is w: 2048 by h: 2048
Filename is: c:\users\shen\desktop\igvr\current_vr_branch\igibson\gibson2\data/ig_dataset/objects\plant\3ac8ac4f319e5c0c785f06f424b9d06/shape/visual\../../material/METALLIC.png
Size is w: 1024 by h: 1024
Filename is: c:\users\shen\desktop\igvr\current_vr_branch\igibson\gibson2\data/ig_dataset/objects\plant\3ac8ac4f319e5c0c785f06f424b9d06/shape/visual\../../material/ROUGHNESS.png
Size is w: 1024 by h: 1024
Filename is: c:\users\shen\desktop\igvr\current_vr_branch\igibson\gibson2\data/ig_dataset/objects\plant\3ac8ac4f319e5c0c785f06f424b9d06/shape/visual\../../material/NORMAL.png
Size is w: 1024 by h: 1024
Filename is: c:\users\shen\desktop\igvr\current_vr_branch\igibson\gibson2\data/ig_dataset/objects\laptop\9996/shape/visual\../../material/DIFFUSE.png
Size is w: 2048 by h: 2048
Filename is: c:\users\shen\desktop\igvr\current_vr_branch\igibson\gibson2\data/ig_dataset/objects\laptop\9996/shape/visual\../../material/METALLIC.png
Size is w: 1024 by h: 1024
Filename is: c:\users\shen\desktop\igvr\current_vr_branch\igibson\gibson2\data/ig_dataset/objects\laptop\9996/shape/visual\../../material/ROUGHNESS.png
Size is w: 1024 by h: 1024
Filename is: c:\users\shen\desktop\igvr\current_vr_branch\igibson\gibson2\data/ig_dataset/objects\laptop\9996/shape/visual\../../material/NORMAL.png
Size is w: 1024 by h: 1024
Filename is: c:\users\shen\desktop\igvr\current_vr_branch\igibson\gibson2\data/assets\models\ycb\006_mustard_bottle\texture_map.png
Size is w: 4096 by h: 4096
Appending texture with name: c:\users\shen\desktop\igvr\current_vr_branch\igibson\gibson2\data/ig_dataset/scenes\Rs_int/shape/visual\../../material/wall/COMBINED.png to large bucket
Appending texture with name: c:\users\shen\desktop\igvr\current_vr_branch\igibson\gibson2\data/ig_dataset/scenes\Rs_int/shape/visual\../../material/wall/NORMAL.png to large bucket
Appending texture with name: c:\users\shen\desktop\igvr\current_vr_branch\igibson\gibson2\data/ig_dataset/scenes\Rs_int/shape/visual\../../material/floor_2/COMBINED.png to large bucket
Appending texture with name: c:\users\shen\desktop\igvr\current_vr_branch\igibson\gibson2\data/ig_dataset/scenes\Rs_int/shape/visual\../../material/floor_2/NORMAL.png to large bucket
Appending texture with name: c:\users\shen\desktop\igvr\current_vr_branch\igibson\gibson2\data/ig_dataset/scenes\Rs_int/shape/visual\../../material/floor_1/COMBINED.png to large bucket
Appending texture with name: c:\users\shen\desktop\igvr\current_vr_branch\igibson\gibson2\data/ig_dataset/scenes\Rs_int/shape/visual\../../material/floor_1/NORMAL.png to large bucket
Appending texture with name: c:\users\shen\desktop\igvr\current_vr_branch\igibson\gibson2\data/ig_dataset/scenes\Rs_int/shape/visual\../../material/floor_0/COMBINED.png to large bucket
Appending texture with name: c:\users\shen\desktop\igvr\current_vr_branch\igibson\gibson2\data/ig_dataset/scenes\Rs_int/shape/visual\../../material/floor_0/NORMAL.png to large bucket
Appending texture with name: c:\users\shen\desktop\igvr\current_vr_branch\igibson\gibson2\data/ig_dataset/scenes\Rs_int/shape/visual\../../material/ceiling/COMBINED.png to large bucket
Appending texture with name: c:\users\shen\desktop\igvr\current_vr_branch\igibson\gibson2\data/ig_dataset/scenes\Rs_int/shape/visual\../../material/ceiling/NORMAL.png to large bucket
Appending texture with name: c:\users\shen\desktop\igvr\current_vr_branch\igibson\gibson2\data/ig_dataset/objects\bottom_cabinet\46380/shape/visual\../../material/DIFFUSE.png to small bucket
Appending texture with name: c:\users\shen\desktop\igvr\current_vr_branch\igibson\gibson2\data/ig_dataset/objects\bottom_cabinet\46380/shape/visual\../../material/METALLIC.png to small bucket
Appending texture with name: c:\users\shen\desktop\igvr\current_vr_branch\igibson\gibson2\data/ig_dataset/objects\bottom_cabinet\46380/shape/visual\../../material/ROUGHNESS.png to small bucket
Appending texture with name: c:\users\shen\desktop\igvr\current_vr_branch\igibson\gibson2\data/ig_dataset/objects\bottom_cabinet\46380/shape/visual\../../material/NORMAL.png to small bucket
Appending texture with name: c:\users\shen\desktop\igvr\current_vr_branch\igibson\gibson2\data/ig_dataset/objects\plant\2ccd2b095bd8ec27e2ec5524ed185c34/shape/visual\../../material/DIFFUSE.png to small bucket
Appending texture with name: c:\users\shen\desktop\igvr\current_vr_branch\igibson\gibson2\data/ig_dataset/objects\plant\2ccd2b095bd8ec27e2ec5524ed185c34/shape/visual\../../material/METALLIC.png to small bucket
Appending texture with name: c:\users\shen\desktop\igvr\current_vr_branch\igibson\gibson2\data/ig_dataset/objects\plant\2ccd2b095bd8ec27e2ec5524ed185c34/shape/visual\../../material/ROUGHNESS.png to small bucket
Appending texture with name: c:\users\shen\desktop\igvr\current_vr_branch\igibson\gibson2\data/ig_dataset/objects\plant\2ccd2b095bd8ec27e2ec5524ed185c34/shape/visual\../../material/NORMAL.png to small bucket
Appending texture with name: c:\users\shen\desktop\igvr\current_vr_branch\igibson\gibson2\data/ig_dataset/objects\sofa\427c7655012b6cc5593ebeeedbff73b/shape/visual\../../material/DIFFUSE.png to small bucket
Appending texture with name: c:\users\shen\desktop\igvr\current_vr_branch\igibson\gibson2\data/ig_dataset/objects\sofa\427c7655012b6cc5593ebeeedbff73b/shape/visual\../../material/METALLIC.png to small bucket
Appending texture with name: c:\users\shen\desktop\igvr\current_vr_branch\igibson\gibson2\data/ig_dataset/objects\sofa\427c7655012b6cc5593ebeeedbff73b/shape/visual\../../material/ROUGHNESS.png to small bucket
Appending texture with name: c:\users\shen\desktop\igvr\current_vr_branch\igibson\gibson2\data/ig_dataset/objects\sofa\427c7655012b6cc5593ebeeedbff73b/shape/visual\../../material/NORMAL.png to small bucket
Appending texture with name: c:\users\shen\desktop\igvr\current_vr_branch\igibson\gibson2\data/ig_dataset/objects\floor_lamp\c7aadb7ac29ac778aaae3d020f5ddf8/shape/visual\../../material/DIFFUSE.png to large bucket
Appending texture with name: c:\users\shen\desktop\igvr\current_vr_branch\igibson\gibson2\data/ig_dataset/objects\floor_lamp\c7aadb7ac29ac778aaae3d020f5ddf8/shape/visual\../../material/METALLIC.png to large bucket
Appending texture with name: c:\users\shen\desktop\igvr\current_vr_branch\igibson\gibson2\data/ig_dataset/objects\floor_lamp\c7aadb7ac29ac778aaae3d020f5ddf8/shape/visual\../../material/ROUGHNESS.png to large bucket
Appending texture with name: c:\users\shen\desktop\igvr\current_vr_branch\igibson\gibson2\data/ig_dataset/objects\floor_lamp\c7aadb7ac29ac778aaae3d020f5ddf8/shape/visual\../../material/NORMAL.png to large bucket
Appending texture with name: c:\users\shen\desktop\igvr\current_vr_branch\igibson\gibson2\data/ig_dataset/objects\stool\ottoman/shape/visual\../../material/DIFFUSE.png to small bucket
Appending texture with name: c:\users\shen\desktop\igvr\current_vr_branch\igibson\gibson2\data/ig_dataset/objects\stool\ottoman/shape/visual\../../material/METALLIC.png to small bucket
Appending texture with name: c:\users\shen\desktop\igvr\current_vr_branch\igibson\gibson2\data/ig_dataset/objects\stool\ottoman/shape/visual\../../material/ROUGHNESS.png to small bucket
Appending texture with name: c:\users\shen\desktop\igvr\current_vr_branch\igibson\gibson2\data/ig_dataset/objects\stool\ottoman/shape/visual\../../material/NORMAL.png to small bucket
Appending texture with name: c:\users\shen\desktop\igvr\current_vr_branch\igibson\gibson2\data/ig_dataset/objects\coffee_table\19740/shape/visual\../../material/DIFFUSE.png to small bucket
Appending texture with name: c:\users\shen\desktop\igvr\current_vr_branch\igibson\gibson2\data/ig_dataset/objects\coffee_table\19740/shape/visual\../../material/METALLIC.png to small bucket
Appending texture with name: c:\users\shen\desktop\igvr\current_vr_branch\igibson\gibson2\data/ig_dataset/objects\coffee_table\19740/shape/visual\../../material/ROUGHNESS.png to small bucket
Appending texture with name: c:\users\shen\desktop\igvr\current_vr_branch\igibson\gibson2\data/ig_dataset/objects\coffee_table\19740/shape/visual\../../material/NORMAL.png to small bucket
Appending texture with name: c:\users\shen\desktop\igvr\current_vr_branch\igibson\gibson2\data/ig_dataset/objects\plant\3ac8ac4f319e5c0c785f06f424b9d06/shape/visual\../../material/DIFFUSE.png to small bucket
Appending texture with name: c:\users\shen\desktop\igvr\current_vr_branch\igibson\gibson2\data/ig_dataset/objects\plant\3ac8ac4f319e5c0c785f06f424b9d06/shape/visual\../../material/METALLIC.png to small bucket
Appending texture with name: c:\users\shen\desktop\igvr\current_vr_branch\igibson\gibson2\data/ig_dataset/objects\plant\3ac8ac4f319e5c0c785f06f424b9d06/shape/visual\../../material/ROUGHNESS.png to small bucket
Appending texture with name: c:\users\shen\desktop\igvr\current_vr_branch\igibson\gibson2\data/ig_dataset/objects\plant\3ac8ac4f319e5c0c785f06f424b9d06/shape/visual\../../material/NORMAL.png to small bucket
Appending texture with name: c:\users\shen\desktop\igvr\current_vr_branch\igibson\gibson2\data/ig_dataset/objects\laptop\9996/shape/visual\../../material/DIFFUSE.png to small bucket
Appending texture with name: c:\users\shen\desktop\igvr\current_vr_branch\igibson\gibson2\data/ig_dataset/objects\laptop\9996/shape/visual\../../material/METALLIC.png to small bucket
Appending texture with name: c:\users\shen\desktop\igvr\current_vr_branch\igibson\gibson2\data/ig_dataset/objects\laptop\9996/shape/visual\../../material/ROUGHNESS.png to small bucket
Appending texture with name: c:\users\shen\desktop\igvr\current_vr_branch\igibson\gibson2\data/ig_dataset/objects\laptop\9996/shape/visual\../../material/NORMAL.png to small bucket
Appending texture with name: c:\users\shen\desktop\igvr\current_vr_branch\igibson\gibson2\data/assets\models\ycb\006_mustard_bottle\texture_map.png to small bucket
torch is not available, falling back to rendering to memory(instead of tensor)
SCENE NAME: Rs_int
Texture:  c:\users\shen\desktop\igvr\current_vr_branch\igibson\gibson2\data/ig_dataset/scenes\Rs_int/shape/visual\../../material/wall/COMBINED.png
Texture:  c:\users\shen\desktop\igvr\current_vr_branch\igibson\gibson2\data/ig_dataset/scenes\Rs_int/shape/visual\../../material/wall/NORMAL.png
Texture:  c:\users\shen\desktop\igvr\current_vr_branch\igibson\gibson2\data/ig_dataset/scenes\Rs_int/shape/visual\../../material/floor_2/COMBINED.png
Texture:  c:\users\shen\desktop\igvr\current_vr_branch\igibson\gibson2\data/ig_dataset/scenes\Rs_int/shape/visual\../../material/floor_2/NORMAL.png
Texture:  c:\users\shen\desktop\igvr\current_vr_branch\igibson\gibson2\data/ig_dataset/scenes\Rs_int/shape/visual\../../material/floor_1/COMBINED.png
Texture:  c:\users\shen\desktop\igvr\current_vr_branch\igibson\gibson2\data/ig_dataset/scenes\Rs_int/shape/visual\../../material/floor_1/NORMAL.png
Texture:  c:\users\shen\desktop\igvr\current_vr_branch\igibson\gibson2\data/ig_dataset/scenes\Rs_int/shape/visual\../../material/floor_0/COMBINED.png
Texture:  c:\users\shen\desktop\igvr\current_vr_branch\igibson\gibson2\data/ig_dataset/scenes\Rs_int/shape/visual\../../material/floor_0/NORMAL.png
Texture:  c:\users\shen\desktop\igvr\current_vr_branch\igibson\gibson2\data/ig_dataset/scenes\Rs_int/shape/visual\../../material/ceiling/COMBINED.png
Texture:  c:\users\shen\desktop\igvr\current_vr_branch\igibson\gibson2\data/ig_dataset/scenes\Rs_int/shape/visual\../../material/ceiling/NORMAL.png
Texture:  c:\users\shen\desktop\igvr\current_vr_branch\igibson\gibson2\data/ig_dataset/objects\bottom_cabinet\46380/shape/visual\../../material/DIFFUSE.png
Texture:  c:\users\shen\desktop\igvr\current_vr_branch\igibson\gibson2\data/ig_dataset/objects\bottom_cabinet\46380/shape/visual\../../material/METALLIC.png
Texture:  c:\users\shen\desktop\igvr\current_vr_branch\igibson\gibson2\data/ig_dataset/objects\bottom_cabinet\46380/shape/visual\../../material/ROUGHNESS.png
Texture:  c:\users\shen\desktop\igvr\current_vr_branch\igibson\gibson2\data/ig_dataset/objects\bottom_cabinet\46380/shape/visual\../../material/NORMAL.png
Texture:  c:\users\shen\desktop\igvr\current_vr_branch\igibson\gibson2\data/ig_dataset/objects\plant\2ccd2b095bd8ec27e2ec5524ed185c34/shape/visual\../../material/DIFFUSE.png
Texture:  c:\users\shen\desktop\igvr\current_vr_branch\igibson\gibson2\data/ig_dataset/objects\plant\2ccd2b095bd8ec27e2ec5524ed185c34/shape/visual\../../material/METALLIC.png
Texture:  c:\users\shen\desktop\igvr\current_vr_branch\igibson\gibson2\data/ig_dataset/objects\plant\2ccd2b095bd8ec27e2ec5524ed185c34/shape/visual\../../material/ROUGHNESS.png
Texture:  c:\users\shen\desktop\igvr\current_vr_branch\igibson\gibson2\data/ig_dataset/objects\plant\2ccd2b095bd8ec27e2ec5524ed185c34/shape/visual\../../material/NORMAL.png
Texture:  c:\users\shen\desktop\igvr\current_vr_branch\igibson\gibson2\data/ig_dataset/objects\sofa\427c7655012b6cc5593ebeeedbff73b/shape/visual\../../material/DIFFUSE.png
Texture:  c:\users\shen\desktop\igvr\current_vr_branch\igibson\gibson2\data/ig_dataset/objects\sofa\427c7655012b6cc5593ebeeedbff73b/shape/visual\../../material/METALLIC.png
Texture:  c:\users\shen\desktop\igvr\current_vr_branch\igibson\gibson2\data/ig_dataset/objects\sofa\427c7655012b6cc5593ebeeedbff73b/shape/visual\../../material/ROUGHNESS.png
Texture:  c:\users\shen\desktop\igvr\current_vr_branch\igibson\gibson2\data/ig_dataset/objects\sofa\427c7655012b6cc5593ebeeedbff73b/shape/visual\../../material/NORMAL.png
Texture:  c:\users\shen\desktop\igvr\current_vr_branch\igibson\gibson2\data/ig_dataset/objects\floor_lamp\c7aadb7ac29ac778aaae3d020f5ddf8/shape/visual\../../material/DIFFUSE.png
Texture:  c:\users\shen\desktop\igvr\current_vr_branch\igibson\gibson2\data/ig_dataset/objects\floor_lamp\c7aadb7ac29ac778aaae3d020f5ddf8/shape/visual\../../material/METALLIC.png
Texture:  c:\users\shen\desktop\igvr\current_vr_branch\igibson\gibson2\data/ig_dataset/objects\floor_lamp\c7aadb7ac29ac778aaae3d020f5ddf8/shape/visual\../../material/ROUGHNESS.png
Texture:  c:\users\shen\desktop\igvr\current_vr_branch\igibson\gibson2\data/ig_dataset/objects\floor_lamp\c7aadb7ac29ac778aaae3d020f5ddf8/shape/visual\../../material/NORMAL.png
Texture:  c:\users\shen\desktop\igvr\current_vr_branch\igibson\gibson2\data/ig_dataset/objects\stool\ottoman/shape/visual\../../material/DIFFUSE.png
Texture:  c:\users\shen\desktop\igvr\current_vr_branch\igibson\gibson2\data/ig_dataset/objects\stool\ottoman/shape/visual\../../material/METALLIC.png
Texture:  c:\users\shen\desktop\igvr\current_vr_branch\igibson\gibson2\data/ig_dataset/objects\stool\ottoman/shape/visual\../../material/ROUGHNESS.png
Texture:  c:\users\shen\desktop\igvr\current_vr_branch\igibson\gibson2\data/ig_dataset/objects\stool\ottoman/shape/visual\../../material/NORMAL.png
Texture:  c:\users\shen\desktop\igvr\current_vr_branch\igibson\gibson2\data/ig_dataset/objects\coffee_table\19740/shape/visual\../../material/DIFFUSE.png
Texture:  c:\users\shen\desktop\igvr\current_vr_branch\igibson\gibson2\data/ig_dataset/objects\coffee_table\19740/shape/visual\../../material/METALLIC.png
Texture:  c:\users\shen\desktop\igvr\current_vr_branch\igibson\gibson2\data/ig_dataset/objects\coffee_table\19740/shape/visual\../../material/ROUGHNESS.png
Texture:  c:\users\shen\desktop\igvr\current_vr_branch\igibson\gibson2\data/ig_dataset/objects\coffee_table\19740/shape/visual\../../material/NORMAL.png
Texture:  c:\users\shen\desktop\igvr\current_vr_branch\igibson\gibson2\data/ig_dataset/objects\plant\3ac8ac4f319e5c0c785f06f424b9d06/shape/visual\../../material/DIFFUSE.png
Texture:  c:\users\shen\desktop\igvr\current_vr_branch\igibson\gibson2\data/ig_dataset/objects\plant\3ac8ac4f319e5c0c785f06f424b9d06/shape/visual\../../material/METALLIC.png
Texture:  c:\users\shen\desktop\igvr\current_vr_branch\igibson\gibson2\data/ig_dataset/objects\plant\3ac8ac4f319e5c0c785f06f424b9d06/shape/visual\../../material/ROUGHNESS.png
Texture:  c:\users\shen\desktop\igvr\current_vr_branch\igibson\gibson2\data/ig_dataset/objects\plant\3ac8ac4f319e5c0c785f06f424b9d06/shape/visual\../../material/NORMAL.png
Texture:  c:\users\shen\desktop\igvr\current_vr_branch\igibson\gibson2\data/ig_dataset/objects\laptop\9996/shape/visual\../../material/DIFFUSE.png
Texture:  c:\users\shen\desktop\igvr\current_vr_branch\igibson\gibson2\data/ig_dataset/objects\laptop\9996/shape/visual\../../material/METALLIC.png
Texture:  c:\users\shen\desktop\igvr\current_vr_branch\igibson\gibson2\data/ig_dataset/objects\laptop\9996/shape/visual\../../material/ROUGHNESS.png
Texture:  c:\users\shen\desktop\igvr\current_vr_branch\igibson\gibson2\data/ig_dataset/objects\laptop\9996/shape/visual\../../material/NORMAL.png
Texture:  c:\users\shen\desktop\igvr\current_vr_branch\igibson\gibson2\data/assets\models\ycb\006_mustard_bottle\texture_map.png
[[0, 0], [0, 1], [0, 2], [0, 3], [0, 4], [0, 5], [0, 6], [0, 7], [0, 8], [0, 9], [1, 0], [1, 1], [1, 2], [1, 3], [1, 4], [1, 5], [1, 6], [1, 7], [1, 8], [1, 9], [1, 10], [1, 11], [0, 10], [0, 11], [0, 12], [0, 13], [1, 12], [1, 13], [1, 14], [1, 15], [1, 16], [1, 17], [1, 18], [1, 19], [1, 20], [1, 21], [1, 22], [1, 23], [1, 24], [1, 25], [1, 26], [1, 27], [1, 28]]
43 {'c:\\users\\shen\\desktop\\igvr\\current_vr_branch\\igibson\\gibson2\\data/ig_dataset/scenes\\Rs_int/shape/visual\\../../material/wall/COMBINED.png': 0, 'c:\\users\\shen\\desktop\\igvr\\current_vr_branch\\igibson\\gibson2\\data/ig_dataset/scenes\\Rs_int/shape/visual\\../../material/wall/NORMAL.png': 1, 'c:\\users\\shen\\desktop\\igvr\\current_vr_branch\\igibson\\gibson2\\data/ig_dataset/scenes\\Rs_int/shape/visual\\../../material/floor_2/COMBINED.png': 2, 'c:\\users\\shen\\desktop\\igvr\\current_vr_branch\\igibson\\gibson2\\data/ig_dataset/scenes\\Rs_int/shape/visual\\../../material/floor_2/NORMAL.png': 3, 'c:\\users\\shen\\desktop\\igvr\\current_vr_branch\\igibson\\gibson2\\data/ig_dataset/scenes\\Rs_int/shape/visual\\../../material/floor_1/COMBINED.png': 4, 'c:\\users\\shen\\desktop\\igvr\\current_vr_branch\\igibson\\gibson2\\data/ig_dataset/scenes\\Rs_int/shape/visual\\../../material/floor_1/NORMAL.png': 5, 'c:\\users\\shen\\desktop\\igvr\\current_vr_branch\\igibson\\gibson2\\data/ig_dataset/scenes\\Rs_int/shape/visual\\../../material/floor_0/COMBINED.png': 6, 'c:\\users\\shen\\desktop\\igvr\\current_vr_branch\\igibson\\gibson2\\data/ig_dataset/scenes\\Rs_int/shape/visual\\../../material/floor_0/NORMAL.png': 7, 'c:\\users\\shen\\desktop\\igvr\\current_vr_branch\\igibson\\gibson2\\data/ig_dataset/scenes\\Rs_int/shape/visual\\../../material/ceiling/COMBINED.png': 8, 'c:\\users\\shen\\desktop\\igvr\\current_vr_branch\\igibson\\gibson2\\data/ig_dataset/scenes\\Rs_int/shape/visual\\../../material/ceiling/NORMAL.png': 9, 'c:\\users\\shen\\desktop\\igvr\\current_vr_branch\\igibson\\gibson2\\data/ig_dataset/objects\\bottom_cabinet\\46380/shape/visual\\../../material/DIFFUSE.png': 10, 'c:\\users\\shen\\desktop\\igvr\\current_vr_branch\\igibson\\gibson2\\data/ig_dataset/objects\\bottom_cabinet\\46380/shape/visual\\../../material/METALLIC.png': 11, 'c:\\users\\shen\\desktop\\igvr\\current_vr_branch\\igibson\\gibson2\\data/ig_dataset/objects\\bottom_cabinet\\46380/shape/visual\\../../material/ROUGHNESS.png': 12, 'c:\\users\\shen\\desktop\\igvr\\current_vr_branch\\igibson\\gibson2\\data/ig_dataset/objects\\bottom_cabinet\\46380/shape/visual\\../../material/NORMAL.png': 13, 'c:\\users\\shen\\desktop\\igvr\\current_vr_branch\\igibson\\gibson2\\data/ig_dataset/objects\\plant\\2ccd2b095bd8ec27e2ec5524ed185c34/shape/visual\\../../material/DIFFUSE.png': 14, 'c:\\users\\shen\\desktop\\igvr\\current_vr_branch\\igibson\\gibson2\\data/ig_dataset/objects\\plant\\2ccd2b095bd8ec27e2ec5524ed185c34/shape/visual\\../../material/METALLIC.png': 15, 'c:\\users\\shen\\desktop\\igvr\\current_vr_branch\\igibson\\gibson2\\data/ig_dataset/objects\\plant\\2ccd2b095bd8ec27e2ec5524ed185c34/shape/visual\\../../material/ROUGHNESS.png': 16, 'c:\\users\\shen\\desktop\\igvr\\current_vr_branch\\igibson\\gibson2\\data/ig_dataset/objects\\plant\\2ccd2b095bd8ec27e2ec5524ed185c34/shape/visual\\../../material/NORMAL.png': 17, 'c:\\users\\shen\\desktop\\igvr\\current_vr_branch\\igibson\\gibson2\\data/ig_dataset/objects\\sofa\\427c7655012b6cc5593ebeeedbff73b/shape/visual\\../../material/DIFFUSE.png': 18, 'c:\\users\\shen\\desktop\\igvr\\current_vr_branch\\igibson\\gibson2\\data/ig_dataset/objects\\sofa\\427c7655012b6cc5593ebeeedbff73b/shape/visual\\../../material/METALLIC.png': 19, 'c:\\users\\shen\\desktop\\igvr\\current_vr_branch\\igibson\\gibson2\\data/ig_dataset/objects\\sofa\\427c7655012b6cc5593ebeeedbff73b/shape/visual\\../../material/ROUGHNESS.png': 20, 'c:\\users\\shen\\desktop\\igvr\\current_vr_branch\\igibson\\gibson2\\data/ig_dataset/objects\\sofa\\427c7655012b6cc5593ebeeedbff73b/shape/visual\\../../material/NORMAL.png': 21, 'c:\\users\\shen\\desktop\\igvr\\current_vr_branch\\igibson\\gibson2\\data/ig_dataset/objects\\floor_lamp\\c7aadb7ac29ac778aaae3d020f5ddf8/shape/visual\\../../material/DIFFUSE.png': 22, 'c:\\users\\shen\\desktop\\igvr\\current_vr_branch\\igibson\\gibson2\\data/ig_dataset/objects\\floor_lamp\\c7aadb7ac29ac778aaae3d020f5ddf8/shape/visual\\../../material/METALLIC.png': 23, 'c:\\users\\shen\\desktop\\igvr\\current_vr_branch\\igibson\\gibson2\\data/ig_dataset/objects\\floor_lamp\\c7aadb7ac29ac778aaae3d020f5ddf8/shape/visual\\../../material/ROUGHNESS.png': 24, 'c:\\users\\shen\\desktop\\igvr\\current_vr_branch\\igibson\\gibson2\\data/ig_dataset/objects\\floor_lamp\\c7aadb7ac29ac778aaae3d020f5ddf8/shape/visual\\../../material/NORMAL.png': 25, 'c:\\users\\shen\\desktop\\igvr\\current_vr_branch\\igibson\\gibson2\\data/ig_dataset/objects\\stool\\ottoman/shape/visual\\../../material/DIFFUSE.png': 26, 'c:\\users\\shen\\desktop\\igvr\\current_vr_branch\\igibson\\gibson2\\data/ig_dataset/objects\\stool\\ottoman/shape/visual\\../../material/METALLIC.png': 27, 'c:\\users\\shen\\desktop\\igvr\\current_vr_branch\\igibson\\gibson2\\data/ig_dataset/objects\\stool\\ottoman/shape/visual\\../../material/ROUGHNESS.png': 28, 'c:\\users\\shen\\desktop\\igvr\\current_vr_branch\\igibson\\gibson2\\data/ig_dataset/objects\\stool\\ottoman/shape/visual\\../../material/NORMAL.png': 29, 'c:\\users\\shen\\desktop\\igvr\\current_vr_branch\\igibson\\gibson2\\data/ig_dataset/objects\\coffee_table\\19740/shape/visual\\../../material/DIFFUSE.png': 30, 'c:\\users\\shen\\desktop\\igvr\\current_vr_branch\\igibson\\gibson2\\data/ig_dataset/objects\\coffee_table\\19740/shape/visual\\../../material/METALLIC.png': 31, 'c:\\users\\shen\\desktop\\igvr\\current_vr_branch\\igibson\\gibson2\\data/ig_dataset/objects\\coffee_table\\19740/shape/visual\\../../material/ROUGHNESS.png': 32, 'c:\\users\\shen\\desktop\\igvr\\current_vr_branch\\igibson\\gibson2\\data/ig_dataset/objects\\coffee_table\\19740/shape/visual\\../../material/NORMAL.png': 33, 'c:\\users\\shen\\desktop\\igvr\\current_vr_branch\\igibson\\gibson2\\data/ig_dataset/objects\\plant\\3ac8ac4f319e5c0c785f06f424b9d06/shape/visual\\../../material/DIFFUSE.png': 34, 'c:\\users\\shen\\desktop\\igvr\\current_vr_branch\\igibson\\gibson2\\data/ig_dataset/objects\\plant\\3ac8ac4f319e5c0c785f06f424b9d06/shape/visual\\../../material/METALLIC.png': 35, 'c:\\users\\shen\\desktop\\igvr\\current_vr_branch\\igibson\\gibson2\\data/ig_dataset/objects\\plant\\3ac8ac4f319e5c0c785f06f424b9d06/shape/visual\\../../material/ROUGHNESS.png': 36, 'c:\\users\\shen\\desktop\\igvr\\current_vr_branch\\igibson\\gibson2\\data/ig_dataset/objects\\plant\\3ac8ac4f319e5c0c785f06f424b9d06/shape/visual\\../../material/NORMAL.png': 37, 'c:\\users\\shen\\desktop\\igvr\\current_vr_branch\\igibson\\gibson2\\data/ig_dataset/objects\\laptop\\9996/shape/visual\\../../material/DIFFUSE.png': 38, 'c:\\users\\shen\\desktop\\igvr\\current_vr_branch\\igibson\\gibson2\\data/ig_dataset/objects\\laptop\\9996/shape/visual\\../../material/METALLIC.png': 39, 'c:\\users\\shen\\desktop\\igvr\\current_vr_branch\\igibson\\gibson2\\data/ig_dataset/objects\\laptop\\9996/shape/visual\\../../material/ROUGHNESS.png': 40, 'c:\\users\\shen\\desktop\\igvr\\current_vr_branch\\igibson\\gibson2\\data/ig_dataset/objects\\laptop\\9996/shape/visual\\../../material/NORMAL.png': 41, 'c:\\users\\shen\\desktop\\igvr\\current_vr_branch\\igibson\\gibson2\\data/assets\\models\\ycb\\006_mustard_bottle\\texture_map.png': 42}
Merged vertex data shape:
(388110, 14)
Enable pbr: True
----- VRLogReader initialized -----
Preparing to read 1200 frames
hmd: [1.0, [-0.2309550642967224, -0.13773012161254883, 1.8058550357818604], [0.21593067049980164, -0.12348801642656326, 0.7751616835594177, 0.5807314515113831], [0.9536512494087219, 0.29500335454940796, -0.05934905260801315], [0.19133561849594116, -0.4422418475151062, 0.8762493133544922], [-0.23224982619285583, 0.8469918966293335, 0.47818899154663086]]
left_controller: [1.0, [-0.3737025856971741, 0.23935192823410034, 1.4145692586898804], [0.22763633728027344, -0.2990276515483856, 0.6307967305183411, 0.678866446018219], [0.9925925731658936, -0.10055438429117203, 0.06818200647830963], [-0.11881519854068756, -0.6863207221031189, 0.7175282835960388], [0.025355961173772812, 0.7203145623207092, 0.6931841373443604]]
left_controller_button: [0.05490196496248245, 0.0, 0.0]
right_controller: [1.0, [-0.027902662754058838, 0.2146640419960022, 1.3800580501556396], [0.23837953805923462, -0.22034642100334167, 0.6357535123825073, 0.7003142833709717], [0.995506763458252, -0.0779852420091629, -0.053709160536527634], [-0.0055221617221832275, -0.6140533089637756, 0.7892453074455261], [0.09452978521585464, 0.7854024767875671, 0.6117246747016907]]
right_controller_button: [0.0, 0.0, 0.0]
eye_data: [1.0, [-0.20049187541007996, -0.15842057764530182, 1.7943183183670044], [-0.33767032623291016, 0.7861217856407166, 0.5176787972450256], 4.0484161376953125, 3.89404296875]
event_data: []
vr_positions: [[0.0, 0.0, 1.7058550119400024], [0.2309550642967224, 0.13773012161254883, -0.10000000149011612]]
vr_settings: []
hmd: [1.0, [-0.0014342069625854492, -0.006453812122344971, 1.7094721794128418], [0.2306920886039734, -0.14486011862754822, 0.7794315814971924, 0.5641658306121826], [0.9462935924530029, 0.32146474719047546, -0.03448006883263588], [0.19616715610027313, -0.4861144721508026, 0.8515933752059937], [-0.2569960057735443, 0.8126212358474731, 0.5230677127838135]]
left_controller: [1.0, [-0.1428542137145996, 0.3788284659385681, 1.3136968612670898], [0.22716332972049713, -0.29648783802986145, 0.6318760514259338, 0.6791350841522217], [0.9929606914520264, -0.09825892001390457, 0.06613799184560776], [-0.11563244462013245, -0.6832363605499268, 0.7209835648536682], [0.025655236095190048, 0.7235562205314636, 0.6897886395454407]]
left_controller_button: [0.05490196496248245, 0.0, 0.0]
right_controller: [1.0, [0.2012723684310913, 0.35505247116088867, 1.2763785123825073], [0.23775608837604523, -0.21609434485435486, 0.6362450122833252, 0.7014039754867554], [0.995285153388977, -0.07732867449522018, -0.05854830518364906], [-0.0005965232267044485, -0.6085041165351868, 0.793550431728363], [0.09699104726314545, 0.7897741794586182, 0.6056811213493347]]
right_controller_button: [0.0, 0.0, 0.0]
eye_data: [0.0, [-0.25496047735214233, -0.17755840718746185, 1.7934085130691528], [-0.3078005909919739, 0.8463855981826782, 0.43461522459983826], 3.97283935546875, 3.91583251953125]
event_data: []
vr_positions: [[-0.0014342069625854492, -0.006453812122344971, 1.7094721794128418], [0.2309550642967224, 0.13773012161254883, -0.10000000149011612]]
vr_settings: []
hmd: [1.0, [-0.0007300376892089844, -0.0041904449462890625, 1.706390380859375], [0.22211232781410217, -0.1290779709815979, 0.7828675508499146, 0.5666775107383728], [0.9446064829826355, 0.3244308531284332, -0.049630261957645416], [0.20147795975208282, -0.45383402705192566, 0.8680099844932556], [-0.25908535718917847, 0.8299273252487183, 0.49406009912490845]]
left_controller: [1.0, [-0.14371049404144287, 0.37900424003601074, 1.3159846067428589], [0.22865739464759827, -0.2976732850074768, 0.6315398216247559, 0.678427517414093], [0.9930384159088135, -0.09774652868509293, 0.06573014706373215], [-0.11508700251579285, -0.6862400770187378, 0.7182128429412842], [0.02509620413184166, 0.720777690410614, 0.6927119493484497]]
left_controller_button: [0.05490196496248245, 0.0, 0.0]
right_controller: [1.0, [0.20169812440872192, 0.35560452938079834, 1.2782965898513794], [0.23975740373134613, -0.2176208645105362, 0.6351304650306702, 0.7012609243392944], [0.9951367378234863, -0.07825136929750443, -0.059829674661159515], [-0.000663459300994873, -0.612700343132019, 0.7903150916099548], [0.09850088506937027, 0.7864319682121277, 0.6097723841667175]]
right_controller_button: [0.0, 0.0, 0.0]
eye_data: [1.0, [-0.02317928522825241, -0.045436568558216095, 1.69302237033844], [-0.33020898699760437, 0.8363013863563538, 0.4376780092716217], 3.8722991943359375, 3.755859375]
event_data: []
vr_positions: [[-0.0007300376892089844, -0.0041904449462890625, 1.706390380859375], [0.2309550642967224, 0.13773012161254883, -0.10000000149011612]]
vr_settings: []
hmd: [1.0, [-0.0006717443466186523, -0.0016434788703918457, 1.7030061483383179], [0.20878081023693085, -0.11505041271448135, 0.7852640151977539, 0.5714318752288818], [0.9454904198646545, 0.32045796513557434, -0.05791817232966423], [0.19640928506851196, -0.4192979335784912, 0.8863479495048523], [-0.2597523331642151, 0.8494092226028442, 0.45938295125961304]]
left_controller: [1.0, [-0.14381253719329834, 0.3790852427482605, 1.3175629377365112], [0.23055030405521393, -0.29744476079940796, 0.6315367221832275, 0.6778898239135742], [0.993376612663269, -0.09601585566997528, 0.06311915069818497], [-0.11206749081611633, -0.6882700324058533, 0.7167463898658752], [0.02537601627409458, 0.719072699546814, 0.6944712996482849]]
left_controller_button: [0.05882353335618973, 0.0, 0.0]
right_controller: [1.0, [0.20233076810836792, 0.355790913105011, 1.279204249382019], [0.24052467942237854, -0.2174738645553589, 0.6336007118225098, 0.7024266123771667], [0.9947316646575928, -0.08139611035585403, -0.0623185820877552], [-0.0007257461547851562, -0.6134851574897766, 0.7897059917449951], [0.10251055657863617, 0.7855004072189331, 0.6103120446205139]]
right_controller_button: [0.0, 0.0, 0.0]
eye_data: [0.0, [-0.022943396121263504, -0.046083107590675354, 1.692903757095337], [-0.30289897322654724, 0.8450468182563782, 0.4406225383281708], 3.7803192138671875, 3.106475830078125]
event_data: []
vr_positions: [[-0.0006717443466186523, -0.0016434788703918457, 1.7030061483383179], [0.2309550642967224, 0.13773012161254883, -0.10000000149011612]]
vr_settings: []
hmd: [1.0, [-0.000597834587097168, 0.002481400966644287, 1.6980887651443481], [0.18923413753509521, -0.0950176864862442, 0.7868705987930298, 0.5796523094177246], [0.9481839537620544, 0.30994969606399536, -0.06984657794237137], [0.18765099346637726, -0.3689133822917938, 0.9103241562843323], [-0.25638729333877563, 0.8762614727020264, 0.4079599380493164]]
left_controller: [1.0, [-0.14361000061035156, 0.3794240355491638, 1.3200503587722778], [0.23365181684494019, -0.29775023460388184, 0.6314339637756348, 0.6767885684967041], [0.993834376335144, -0.09339595586061478, 0.05975351482629776], [-0.10795655846595764, -0.6922850608825684, 0.7135032415390015], [0.025271859019994736, 0.7155550122261047, 0.6980992555618286]]
left_controller_button: [0.05490196496248245, 0.0, 0.0]
right_controller: [1.0, [0.20279699563980103, 0.35610896348953247, 1.280613899230957], [0.2418191134929657, -0.2174915373325348, 0.6323210597038269, 0.7031294703483582], [0.9943943619728088, -0.08338720351457596, -0.06501133739948273], [-3.4689903259277344e-05, -0.6151093244552612, 0.7884418964385986], [0.10573507100343704, 0.784019947052002, 0.6116639375686646]]
right_controller_button: [0.0, 0.0, 0.0]
eye_data: [0.0, [-0.022943396121263504, -0.046083107590675354, 1.692903757095337], [-0.30289897322654724, 0.8450468182563782, 0.4406225383281708], 3.7803192138671875, 3.106475830078125]
event_data: []
vr_positions: [[-0.000597834587097168, 0.002481400966644287, 1.6980887651443481], [0.2309550642967224, 0.13773012161254883, -0.10000000149011612]]
vr_settings: []
