image: area_4.png
resolution: 0.050000
origin: [-29.750000, -4.950000, 0.000000]
negate: 0
occupied_thresh: 0.65
free_thresh: 0.196

