image: area_6.png
resolution: 0.050000
origin: [-21.150000, -2.500000, 0.000000]
negate: 0
occupied_thresh: 0.65
free_thresh: 0.196

