image: area_5b.png
resolution: 0.050000
origin: [-15.250000, -33.850000, 0.000000]
negate: 0
occupied_thresh: 0.65
free_thresh: 0.196

